Best: 3767899    5060    5383    4107    4122    3652    2207    4013    3755    2758    2621  62.797
2nd:  3764199    5031    5153    4146    4143    3645    2221    4056    3706    2828    2712  62.735
3rd:  3762899    5037    5166    4108    4135    3775    2235    4083    3763    2735    2591  62.713
4th:  3761999    5073    5165    4136    4156    3666    2162    4062    3777    2789    2633  62.698
5th:  3761799    5037    5166    4099    4135    3775    2236    4073    3761    2740    2595  62.695
25%:  3750099    5045    5162    4133    4133    3659    2235    4037    3754    2731    2611  62.500
25%:  3750099    5045    5162    4133    4133    3659    2235    4037    3754    2731    2611  62.500
50%:  3742799    5054    5115    4142    4145    3629    2222    3913    3863    2738    2606  62.378
75%:  3735999    5040    5170    4167    4134    3642    2247    3875    3738    2730    2616  62.265
99%:  3673599    5036    4550    4164    4099    3651    2233    3990    3718    2691    2603  61.225
